12345678901000010
89012345671000010
45678901231000010
12345678901000010
67890123451000010
45678901231000010
56789012341000010
45678901231000010
78901234561000010
67890123451000010
78901234562001055
12345678902001055
23456789012001055
78901234562001055
34567890122001055
45678901232001055
78901234562001055
67890123452001055
23456789012001055
23456789012001055
67890123452012345
56789012342012345
12345678902012345
12345678902012345
19876543212012345
12345678902012345
67890123452012345
19876543212012345
56789012342012345
89012345672012345
67890123451000010
56789012341000010
19876543211000010
19876543211000010
34567890121000010
56789012341000010
12345678901000010
19876543211000010
23456789011000010
90123456781000010
12345678902001055
19876543212001055
45678901232001055
56789012342001055
12345678902001055
89012345672001055
89012345672001055
34567890122001055
19876543212001055
78901234562001055
89012345672012345
89012345672012345
34567890122012345
23456789012012345
78901234562012345
67890123452012345
12345678902012345
34567890122012345
12345678902012345
90123456782012345
12345678901000010
89012345671000010
56789012341000010
67890123451000010
34567890121000010
89012345671000010
89012345671000010
56789012341000010
23456789011000010
78901234561000010
45678901232001055
23456789012001055
45678901232001055
90123456782001055
56789012342001055
78901234562001055
56789012342001055
67890123452001055
23456789012001055
56789012342001055
89012345672012345
34567890122012345
34567890122012345
90123456782012345
23456789012012345
78901234562012345
78901234562012345
89012345672012345
89012345672012345
12345678902012345
34567890121000010
78901234561000010
34567890121000010
90123456781000010
56789012341000010
12345678901000010
67890123451000010
34567890121000010
78901234561000010
45678901231000010
67890123452001055
67890123452001055
34567890122001055
56789012342001055
78901234562001055
78901234562001055
45678901232001055
45678901232001055
19876543212001055
67890123452001055
34567890122012345
56789012342012345
45678901232012345
89012345672012345
89012345672012345
90123456782012345
23456789012012345
56789012342012345
89012345672012345
45678901232012345
89012345671000010
56789012341000010
78901234561000010
34567890121000010
45678901231000010
67890123451000010
34567890121000010
34567890121000010
34567890121000010
67890123451000010
90123456782001055
23456789012001055
78901234562001055
12345678902001055
67890123452001055
19876543212001055
23456789012001055
45678901232001055
89012345672001055
12345678902001055
90123456782012345
23456789012012345
12345678902012345
34567890122012345
45678901232012345
19876543212012345
23456789012012345
67890123452012345
34567890122012345
45678901232012345
78901234561000010
67890123451000010
12345678901000010
90123456781000010
19876543211000010
45678901231000010
23456789011000010
78901234561000010
19876543211000010
78901234561000010
34567890122001055
45678901232001055
90123456782001055
90123456782001055
78901234562001055
34567890122001055
23456789012001055
56789012342001055
45678901232001055
34567890122001055
78901234562012345
34567890122012345
89012345672012345
45678901232012345
12345678902012345
12345678902012345
45678901232012345
78901234562012345
34567890122012345
19876543212012345
34567890121000010
45678901231000010
34567890121000010
90123456781000010
67890123451000010
34567890121000010
45678901231000010
67890123451000010
67890123451000010
45678901231000010
34567890122001055
89012345672001055
19876543212001055
56789012342001055
78901234562001055
23456789012001055
12345678902001055
45678901232001055
45678901232001055
45678901232001055
89012345672012345
89012345672012345
89012345672012345
45678901232012345
90123456782012345
78901234562012345
22222222221000010
34567890122012345
90123456782012345
45678901232012345
67890123452012345
19876543211000010
56789012341000010
78901234561000010
23456789011000010
34567890121000010
34567890121000010
90123456781000010
78901234561000010
90123456781000010
34567890121000010
45678901232001055
67890123452001055
22222222221000010
19876543212001055
89012345672001055
34567890122001055
45678901232001055
19876543212001055
78901234562001055
45678901232001055
12345678902001055
22222222221000010
19876543212012345
67890123452012345
56789012342012345
23456789012012345
19876543212012345
90123456782012345
22222222222222200
45678901232012345
67890123452012345
67890123452012345
22222222221000010
56789012342012345
23456789011000010
22222222222222200
78901234561000010
89012345671000010
78901234561000010
19876543211000010
23456789011000010
22222222222222200
89012345671000010
56789012341000010
90123456781000010
34567890121000010
89012345672001055