0122196701221967
0218196702181967
0219196702191967
0221197802211978
0319197803191978
0321197803191978
0322197903221979
0419197904201979
0420197904201979
0422198004221980
0520198005201980
0521198005211980
0523198105231981
0620198106201981
0621198106211981
0623198206231982
0722198207221982
0723198207231982
0725198307251983
0822198308221983
0823198308231983
0825198408251984
0922198409221984
0923198409231984
0925198509251985
1022198510221985
1023198510231985
1025198610251986
1121198611211986
1122198611221986
1124198711241987
1220198712201987
1221198712211987
1223198812231988
0119198801191988
0120198801201988
