123456742016224389
123457023049204411
123457314149213085
123457650032938871
123457922222222222
123458248118005404
123458524156761370
123458827074103465
123459018051187942
123459412170102881
123459730452463658
123460046135271965
123460344044444444
123460602852998690
123460916646011964
123461220066147979
123461537147025654
123461822222222222
123462211111111111
123462430134767923
123462719185053378
123463008294667331
123463340819835841
123463627090374090
123463913042574061
123464213142906123
123464537075280393
123464838029128815
123465139045673083
123465418006735089
123465712078149919
123466017124437868
123466341045144252
123466641076444855
123466932101649282
123467215031797424
123467534177083868
123467835147623383
123468113185073243
123468415101741814
123468713171217735
123469030018386356
123469330098625369
123469613105015888
123469931151861423
123470250144492708
123470530558641177
123470840878254636
123471125076729299
123471405775934101
123471746140564173
123472017094577400
123472339204077739
123472646060064197
123472935067161417
123473210153580653
123473503109827560
123473844044444444
123474128168453443
123474406172570005
123474728141831546
123475023074297442
123475336081860358
123475609145130147
123475913085179013
123476203173590577
123476520015879392
123476804150657038
123477134173510123
123477406176871719
123477709182418905
123478007014822602
123478332081684631
123478646047191240
123478949039790921
123479226158772164
123479848152043134
123480134148895370
123480442005358271
123480743111283501
123481029161551994
123481324110751031
123481603176631481
123481903154618341
123482237114552627
123482517070545615
123482835080631597
123483133333333333
123483406007310721
123483741091762420
123484001032254367
123484336050034127
123484633333333333
123484934008825508
123485243134812928
123485535020493168
123485826136940510
123486121172409276
123486431135732587
223484944044444444
223485245454545454
223485547474747474
223485826136940510
223486133333333333
223486544044444444