123456742001111100222220033333004444400555550066666007777700888880099999010101001111110121212
123457023001111100222220033333004444400555550066666007777700888880099999010101001111110121212
123457314001111100222220033333004444400555550066666007777700888880099999010101001111110121212
123457650001111100222220033333004444400555550066666007777700888880099999010101001111110121212
123457922001111100222220033333004444400555550066666007777700888880099999010101001111110121212
123458248001111100222220033333004444400555550066666007777700888880099999010101001111110121212
123458524001111100222220033333004444400555550066666007777700888880099999010101001111110121212
123458827001111100222220033333004444400555550066666007777700888880099999010101001111110121212
123459018001111100222220033333004444400555550066666007777700888880099999010101001111110121212
123459412001111100222220033333004444400555550066666007777700888880099999010101001111110121212
123459730001111100222220033333004444400555550066666007777700888880099999010101001111110121212
123460046001111100222220033333004444400555550066666007777700888880099999010101001111110121212
123460344001111100222220033333004444400555550066666007777700888880099999010101001111110121212
123460602001111100222220033333004444400555550066666007777700888880099999010101001111110121212
123460916001111100222220033333004444400555550066666007777700888880099999010101001111110121212
123461220001111100222220033333004444400555550066666007777700888880099999010101001111110121212
123461537001111100222220033333004444400555550066666007777700888880099999010101001111110121212
123461822001111100222220033333004444400555550066666007777700888880099999010101001111110121212
123462211001111100222220033333004444400555550066666007777700888880099999010101001111110121212
123462430001111100222220033333004444400555550066666007777700888880099999010101001111110121212
123462719001111100222220033333004444400555550066666007777700888880099999010101001111110121212
123463008001111100222220033333004444400555550066666007777700888880099999010101001111110121212
123463340001111100222220033333004444400555550066666007777700888880099999010101001111110121212
123463627001111100222220033333004444400555550066666007777700888880099999010101001111110121212
123463913001111100222220033333004444400555550066666007777700888880099999010101001111110121212
123464213001111100222220033333004444400555550066666007777700888880099999010101001111110121212
123464537001111100222220033333004444400555550066666007777700888880099999010101001111110121212
123464838001111100222220033333004444400555550066666007777700888880099999010101001111110121212
123465139001111100222220033333004444400555550066666007777700888880099999010101001111110121212
123465418001111100222220033333004444400555550066666007777700888880099999010101001111110121212
123465712001111100222220033333004444400555550066666007777700888880099999010101001111110121212
123466017001111100222220033333004444400555550066666007777700888880099999010101001111110121212
123466341001111100222220033333004444400555550066666007777700888880099999010101001111110121212
123466641001111100222220033333004444400555550066666007777700888880099999010101001111110121212
123466932001111100222220033333004444400555550066666007777700888880099999010101001111110121212
123467215001111100222220033333004444400555550066666007777700888880099999010101001111110121212
123467534001111100222220033333004444400555550066666007777700888880099999010101001111110121212
123467835001111100222220033333004444400555550066666007777700888880099999010101001111110121212
123468113001111100222220033333004444400555550066666007777700888880099999010101001111110121212
123468415001111100222220033333004444400555550066666007777700888880099999010101001111110121212
123468713001111100222220033333004444400555550066666007777700888880099999010101001111110121212
123469030001111100222220033333004444400555550066666007777700888880099999010101001111110121212
123469330001111100222220033333004444400555550066666007777700888880099999010101001111110121212
123469613001111100222220033333004444400555550066666007777700888880099999010101001111110121212
123469931001111100222220033333004444400555550066666007777700888880099999010101001111110121212
123470250001111100222220033333004444400555550066666007777700888880099999010101001111110121212
123470530001111100222220033333004444400555550066666007777700888880099999010101001111110121212
123470840001111100222220033333004444400555550066666007777700888880099999010101001111110121212
123471125001111100222220033333004444400555550066666007777700888880099999010101001111110121212
123471405001111100222220033333004444400555550066666007777700888880099999010101001111110121212
123471746001111100222220033333004444400555550066666007777700888880099999010101001111110121212
123472017001111100222220033333004444400555550066666007777700888880099999010101001111110121212
123472339001111100222220033333004444400555550066666007777700888880099999010101001111110121212
123472646001111100222220033333004444400555550066666007777700888880099999010101001111110121212
123472935001111100222220033333004444400555550066666007777700888880099999010101001111110121212
123473210001111100222220033333004444400555550066666007777700888880099999010101001111110121212
123473503001111100222220033333004444400555550066666007777700888880099999010101001111110121212
123473844001111100222220033333004444400555550066666007777700888880099999010101001111110121212
123474128001111100222220033333004444400555550066666007777700888880099999010101001111110121212
123474406001111100222220033333004444400555550066666007777700888880099999010101001111110121212
123474728001111100222220033333004444400555550066666007777700888880099999010101001111110121212
123475023001111100222220033333004444400555550066666007777700888880099999010101001111110121212
123475336001111100222220033333004444400555550066666007777700888880099999010101001111110121212
123475609001111100222220033333004444400555550066666007777700888880099999010101001111110121212
123475913001111100222220033333004444400555550066666007777700888880099999010101001111110121212
123476203001111100222220033333004444400555550066666007777700888880099999010101001111110121212
123476520001111100222220033333004444400555550066666007777700888880099999010101001111110121212
123476804001111100222220033333004444400555550066666007777700888880099999010101001111110121212
123477134001111100222220033333004444400555550066666007777700888880099999010101001111110121212
123477406001111100222220033333004444400555550066666007777700888880099999010101001111110121212
123477709001111100222220033333004444400555550066666007777700888880099999010101001111110121212
123478007001111100222220033333004444400555550066666007777700888880099999010101001111110121212
123478332001111100222220033333004444400555550066666007777700888880099999010101001111110121212
123478646001111100222220033333004444400555550066666007777700888880099999010101001111110121212
123478949001111100222220033333004444400555550066666007777700888880099999010101001111110121212
123479226001111100222220033333004444400555550066666007777700888880099999010101001111110121212
123479848001111100222220033333004444400555550066666007777700888880099999010101001111110121212
123480134001111100222220033333004444400555550066666007777700888880099999010101001111110121212
123480442001111100222220033333004444400555550066666007777700888880099999010101001111110121212
123480743001111100222220033333004444400555550066666007777700888880099999010101001111110121212
123481029001111100222220033333004444400555550066666007777700888880099999010101001111110121212
123481324001111100222220033333004444400555550066666007777700888880099999010101001111110121212
123481603001111100222220033333004444400555550066666007777700888880099999010101001111110121212
123481903001111100222220033333004444400555550066666007777700888880099999010101001111110121212
123482237001111100222220033333004444400555550066666007777700888880099999010101001111110121212
123482517001111100222220033333004444400555550066666007777700888880099999010101001111110121212
123482835001111100222220033333004444400555550066666007777700888880099999010101001111110121212
123483133001111100222220033333004444400555550066666007777700888880099999010101001111110121212
123483406001111100222220033333004444400555550066666007777700888880099999010101001111110121212
123483741001111100222220033333004444400555550066666007777700888880099999010101001111110121212
123484001001111100222220033333004444400555550066666007777700888880099999010101001111110121212
123484336001111100222220033333004444400555550066666007777700888880099999010101001111110121212
123484633001111100222220033333004444400555550066666007777700888880099999010101001111110121212
123484934001111100222220033333004444400555550066666007777700888880099999010101001111110121212
123485243001111100222220033333004444400555550066666007777700888880099999010101001111110121212
123485535001111100222220033333004444400555550066666007777700888880099999010101001111110121212
123485826001111100222220033333004444400555550066666007777700888880099999010101001111110121212
123486121001111100222220033333004444400555550066666007777700888880099999010101001111110121212
123486431001111100222220033333004444400555550066666007777700888880099999010101001111110121212
223484944001111100222220033333004444400555550066666007777700888880099999010101001111110121212
223485245001111100222220033333004444400555550066666007777700888880099999010101001111110121212
223485547001111100222220033333004444400555550066666007777700888880099999010101001111110121212
223485826001111100222220033333004444400555550066666007777700888880099999010101001111110121212
223486133001111100222220033333004444400555550066666007777700888880099999010101001111110121212
223486544001111100222220033333004444400555550066666007777700888880099999010101001111110121212