010380932514
010381183919
010381910261
010730450371
010731165987
010731954019
020551898184
020550306597
020551068692
020891118772
020891414582
021041800542
021041761420
030230423772
030231331500
030900207893
030901722888
030900892996
040831386216
040911639899
041091262693
041091289102
041091955625
050130490534
050131588815
050130468961
050361931495
050361719488
050360218200
051120990238
060251530055
060251554134
060341534992
060340377363
060520427458
060521196993
060521569940
060520590897
060520722978
060520965584
060814238751
060810523220
060810642746
061070969326
061070983366
070271120997
070271194783
070270326121
070271758175
070331852017
070330704882
070331838685
070331630400
070370686177
070370646249
070371112822
070370832107
071131908989
071131037414
080290590018
080291725911
080290549008
080290630480
080291326422
080701059731
080701729032
080701225866
080700763024
090281886992
090280268985
090281007423
090881984506
090881293706
090881026177
090881030038
090881202118
090880781425
091081494866
091081468134
100201877100
100200744348
100201549660
100460490945
100461056427
100571399377
100570857623
100571588600
100631845600
100630426357
100981976360
110051134688
110051233544
110051155330
110051169862
110050603028
111021831736
111021843851
111021328708
111021006455
111281541014
111281186495
111280565823
111280425349
111280441462
120480504894
120485281369
120511900114
120510812968
120511943909
120511784700
120541327172
120541774010
120540415564
120540877103
120540635109
120654233377
120651225464
120690772849
120690349436
120690560373
120691873582
120691168315
120691438742
120691446038
121201329772
121201292627
130801039165
130800703472
130801816473
130821877506
130821723458
130820341177
130820898637
130921670190
130921417598
131181274678
131181481815
131181106817
131180910083
131180818902
131291713462
131291887819
131291673182
131291452198
131440361478
131441727639
131441534220
140091600464
140091901715
140090650851
140090633591
140601227707
140600723977
140600851046
140600231142
140601074641
141421000490
141421129656
150451666988
150450234144
150450804049
150450459243
151381436150
151381369159
151501691271
151500587534
160581985210
160581134905
160581589985
160581927880
170400722809
170401706436
170400591664
170400479543
170931079782
170940735112
170941428986
171170288031
171171208035
171170653671
171360730704
171360800444
171361384755
171360551108
180590487604
180591312043
180591526409
180590603424
190641738400
190640774192
190640772952
190641869835
190641588116
190640450682
190641574027
190641216464
190641050287
190641122558
190640850760
191261600612
191261493962
191260760074
191261242616
191260219428
191261251218
191491422698
191491251564
191491250563
191490236645
200061901231
200060831182
200060810730
200060553389
200060466530
200061498524
200061941481
200221984582
200220408942
201231465735
201231029803
210191033043
210191456181
210191293071
210190352392
211390960222
211391019598
211390775022
211390425984
211391715156
220081103721
220081823740
220080945854
220491193291
220491563134
220491898006
220491012115
220491711747
220491259336
220490580871
221211805723
221211239082
221210472631
221251683740
221370881324
221370960653
221370746515
221370551449
230171251322
230171404198
230171869615
230170274081
230171873063
230171500549
230171402753
230710893738
230721494688
230720823739
230721044573
230721755251
230781881456
230781671290
230780410312
230780671011
230780544701
230780851650
230781296978
230780842351
230780776141
230780365692
240100727106
240100432122
240101492086
240101056876
240740631137
240740994495
240740426973
240741437546
240741043090
240741529250
240741156021
240740985456
241001997462
241000372493
241001634828
241001926712
241000983434
241451487635
241450511729
241451297372
241450299678
241451046609
241481131512
241481677061
241480318212
241481473421
241481948753
241481285476
241481629153
241481475520
250041487059
250041855742
250041459994
251190722023
251190220396
251191714982
251191396635
251190308653
251190783325
251301711452
251301944589
251301085650
251300468724
260141753583
260140656198
260140930381
260141002073
260141217773
260141635036
260150408351
260151796016
260181191578
260180276491
260561796514
270031757525
270030922885
270031070732
270351127107
270351491931
270350264244
270351655225
270350999794
270351960276
271061201317
271060819041
271061671604
271061044910
271061115870
271060582872
280390843304
280391879911
280390791822
280670780421
280671884896
280670499650
280670340738
280670641334
281161852027
281160584945
281161944256
281161747676
291140314175
291141252402
291141317685
291141209221
291140949576
291411882921
291410867798
291411415838
291411728436
300020618290
300750658194
300750979185
300750857467
300750301677
300751065530
301430735483
301430366276
301431442834
310071658590
310470601829
330011070142
330011039969
330011782172
330011704417
330011653372
330011203472
330011690957
330011168986
330011623519
330010983157
330850581673
330850457738
330851833766
330850744782
331240949489
331240927435
331241966677
340210820971
350311451265
351050447883
351050587675
351050269966
351050688697
351050855297
351051471317
351051804985
351471279180
351471360008
351471482781
361151297448
361150947837
370260483706
370260293651
370260341525
370261583052
370261452408
370260399643
370260833539
370261967932
370260892125
370621044312
370620517882
370621223888
370620960618
371011000195
371011356047
371330218648
371330344954
371331849219
371330998510
371331770820
371331275591
371341344877
371341598993
371341334118
390420950495
390430987443
390431909952
390431509883
390430312814
390531247658
390531484852
390531370226
390531492296
390990419928
390991345747
400110472316
400110747450
400111187194
400441472645
400441708078
400441497952
410950530200
410951196314
410951570625
410951286960
430791105045
430790657964
430790378487
430791498663
430791703100
440860978483
440861850128
440861063081
440961809367
440971748096
440970528774
441350249229
451220581367
470121612782
470121980504
470121192587
470321407944
470321400069
470320601699
470320570694
470321630971
471101550510
471101512273
471100405236
471100481834
481461842511
481461190618
481460506585
481461745219
481461911259
481461255666
491031968780
491031613526
491031280295
491030204143
491033342728
500870738662
500870409021
500871927272
500871814340
501320290417
501325319783
501320578787